function   [vi,f] = getBoxTemplate

vi = [1,1,1;1,2,1;2,2,1;2,1,1;1,1,2;1,2,2;2,2,2;2,1,2];
f = [1,2,6,5;2,3,7,6;3,4,8,7;4,1,5,8;1,2,3,4;5,6,7,8];